000000000101100
000000000100110
111111111101001
000000000000000
111111111100111
111111111010001
000000000111100
000000000111100
111111111010001
111111111101011
111111111110110
111111111010110
000000001000010
000000001001100
111111110111010
111111111010000
000000000001101
111111111100111
000000000111011
000000001010000
111111110101111
111111111000011
000000000011000
111111111101010
000000001000001
000000001011110
111111110011101
111111110110100
000000000011001
111111111010110
000000001101111
000000010100100
111111101001000
111111101100001
000000001010110
111111111100110
000000010011111
000000100011100
111111010001101
111111001111001
000000101000110
000000010101101
000000000110100
000000100111011
111110111001001
111110100010000
000001100110010
000001011010101
111111000110011
111111111010101
111111000100010
111110000000100
000010111001000
000011011010101
111100101000001
111101011000100
000001000101110
111110110100111
000100000010011
000111010000111
110101011100101
110010011011010
010000000000011
010001100101011
101101110111101
101110011010101
010000000000011
001101100100110
110101011100101
111000101111001
000100000010011
000001001011001
000001000101110
000010100111100
111100101000001
111100100101011
000010111001000
000001111111100
111111000100010
000000000101011
111111000110011
111110100101011
000001100110010
000001011110000
111110111001001
111111011000101
000000000110100
111111101010011
000000101000110
000000110000111
111111010001101
111111011100100
000000010011111
000000000011010
000000001010110
000000010011111
111111101001000
111111101011100
000000001101111
000000000101010
000000000011001
000000001001100
111111110011101
111111110100010
000000001000001
000000000010110
000000000011000
000000000111101
111111110101111
111111110110000
000000000111011
000000000011001
000000000001101
000000000110000
111111110111010
111111110110100
000000001000010
000000000101010
111111111110110
000000000010101
111111111010001
111111111000100
000000000111100
000000000101111
111111111100111
000000000000000
111111111101001
111111111011010
000000000101100
