000000000001111
000000000001101
111111111111000
000000000000000
111111111111000
111111111110000
000000000010100
000000000010100
111111111110000
111111111111001
111111111111101
111111111110010
000000000010110
000000000011001
111111111101001
111111111110000
000000000000100
111111111111000
000000000010100
000000000011011
111111111100101
111111111101100
000000000001000
111111111111001
000000000010110
000000000011111
111111111011111
111111111100111
000000000001000
111111111110010
000000000100101
000000000110111
111111111000011
111111111001011
000000000011101
111111111110111
000000000110101
000000001011111
111111110000100
111111101111110
000000001101101
000000000111010
000000000010001
000000001101001
111111101000011
111111100000101
000000100010001
000000011110010
111111101100110
111111111110010
111111101100001
111111010101100
000000111101101
000001001000111
111110111000000
111111001000001
000000010111010
111111100111000
000001010110001
000010011011000
111100011110111
111011011110011
000101010101100
000101110111001
111001111101010
111010001000111
000101010101100
000100100001101
111100011110111
111101100101000
000001010110001
000000011001000
000000010111010
000000110111111
111110111000000
111110110111001
000000111101101
000000101010100
111111101100001
000000000001110
111111101100110
111111100001110
000000100010001
000000011111011
111111101000011
111111110010111
000000000010001
111111111000110
000000001101101
000000010000010
111111110000100
111111110100001
000000000110101
000000000001001
000000000011101
000000000110101
111111111000011
111111111001001
000000000100101
000000000001110
000000000001000
000000000011001
111111111011111
111111111100001
000000000010110
000000000000111
000000000001000
000000000010100
111111111100101
111111111100101
000000000010100
000000000001000
000000000000100
000000000010000
111111111101001
111111111100111
000000000010110
000000000001110
111111111111101
000000000000111
111111111110000
111111111101100
000000000010100
000000000010000
111111111111000
000000000000000
111111111111000
111111111110011
000000000001111
