111111111010100
111111111011010
000000000010111
000000000000000
000000000011001
000000000101111
111111111000100
111111111000100
000000000101111
000000000010101
000000000001010
000000000101010
111111110111110
111111110110100
000000001000110
000000000110000
111111111110011
000000000011001
111111111000101
111111110110000
000000001010001
000000000111101
111111111101000
000000000010110
111111110111111
111111110100010
000000001100011
000000001001100
111111111100111
000000000101010
111111110010001
111111101011100
000000010111000
000000010011111
111111110101010
000000000011010
111111101100001
111111011100100
000000101110011
000000110000111
111111010111010
111111101010011
111111111001100
111111011000101
000001000110111
000001011110000
111110011001110
111110100101011
000000111001101
000000000101011
000000111011110
000001111111100
111101000111000
111100100101011
000011010111111
000010100111100
111110111010010
000001001011001
111011111101101
111000101111001
001010100011011
001101100100110
101111111111101
101110011010101
010010001000011
010001100101011
101111111111101
110010011011010
001010100011011
000111010000111
111011111101101
111110110100111
111110111010010
111101011000100
000011010111111
000011011010101
111101000111000
111110000000100
000000111011110
111111111010101
000000111001101
000001011010101
111110011001110
111110100010000
000001000110111
000000100111011
111111111001100
000000010101101
111111010111010
111111001111001
000000101110011
000000100011100
111111101100001
111111111100110
111111110101010
111111101100001
000000010111000
000000010100100
111111110010001
111111111010110
111111111100111
111111110110100
000000001100011
000000001011110
111111110111111
111111111101010
111111111101000
111111111000011
000000001010001
000000001010000
111111111000101
111111111100111
111111111110011
111111111010000
000000001000110
000000001001100
111111110111110
111111111010110
000000000001010
111111111101011
000000000101111
000000000111100
111111111000100
111111111010001
000000000011001
000000000000000
000000000010111
000000000100110
111111111010100
