 11111111101011
 11111111110101
 00000000001100
 00000000011100
 00000000010110
 11111111111011
 11111111100001
 11111111011111
 11111111111010
 00000000011100
 00000000100110
 00000000001011
 11111111100001
 11111111010001
 11111111110100
 00000000110100
 00000001010111
 00000000101001
 11111110110101
 11111101010001
 11111101100110
 00000000011001
 00000100001011
 00000110000001
 00000011011001
 11111100011111
 11110101000110
 11110011010010
 11111011111001
 00001111001110
 00100111110011
 00111100010111
 01000100011000
 00111100010111
 00100111110011
 00001111001110
 11111011111001
 11110011010010
 11110101000110
 11111100011111
 00000011011001
 00000110000001
 00000100001011
 00000000011001
 11111101100110
 11111101010001
 11111110110101
 00000000101001
 00000001010111
 00000000110100
 11111111110100
 11111111010001
 11111111100001
 00000000001011
 00000000100110
 00000000011100
 11111111111010
 11111111011111
 11111111100001
 11111111111011
 00000000010110
 00000000011100
 00000000001100
 11111111110101
 11111111101011
