111111111110001
111111111110011
000000000001000
000000000000000
000000000001000
000000000010000
111111111101100
111111111101100
000000000010000
000000000000111
000000000000011
000000000001110
111111111101010
111111111100111
000000000010111
000000000010000
111111111111100
000000000001000
111111111101100
111111111100101
000000000011011
000000000010100
111111111111000
000000000000111
111111111101010
111111111100001
000000000100001
000000000011001
111111111111000
000000000001110
111111111011011
111111111001001
000000000111101
000000000110101
111111111100011
000000000001001
111111111001011
111111110100001
000000001111100
000000010000010
111111110010011
111111111000110
111111111101111
111111110010111
000000010111101
000000011111011
111111011101111
111111100001110
000000010011010
000000000001110
000000010011111
000000101010100
111111000010011
111110110111001
000001001000000
000000110111111
111111101000110
000000011001000
111110101001111
111101100101000
000011100001001
000100100001101
111010101010100
111010001000111
000110000010110
000101110111001
111010101010100
111011011110011
000011100001001
000010011011000
111110101001111
111111100111000
111111101000110
111111001000001
000001001000000
000001001000111
111111000010011
111111010101100
000000010011111
111111111110010
000000010011010
000000011110010
111111011101111
111111100000101
000000010111101
000000001101001
111111111101111
000000000111010
111111110010011
111111101111110
000000001111100
000000001011111
111111111001011
111111111110111
111111111100011
111111111001011
000000000111101
000000000110111
111111111011011
111111111110010
111111111111000
111111111100111
000000000100001
000000000011111
111111111101010
111111111111001
111111111111000
111111111101100
000000000011011
000000000011011
111111111101100
111111111111000
111111111111100
111111111110000
000000000010111
000000000011001
111111111101010
111111111110010
000000000000011
111111111111001
000000000010000
000000000010100
111111111101100
111111111110000
000000000001000
000000000000000
000000000001000
000000000001101
111111111110001
